'2016-04-12 01:51:23'
(10, 0.001, 0.0001, 0.1, (4.370684623718262, 100.03114593505859))
(10, 0.001, 0.0001, 0.5, (2.4447004795074463, 100.10092147827149))
(10, 0.001, 0.0001, 0.8, (3.9691646099090576, 100.05692848205567))
(10, 0.001, 0.0001, 0.95, (1.6919569969177246, 101.80860603332519))
(10, 0.001, 0.0005, 0.1, (14.478115797042847, 100.00608917236327))
(10, 0.001, 0.0005, 0.5, (12.930654764175415, 100.00330566406249))
(10, 0.001, 0.0005, 0.8, (5.8585546016693115, 100.0203816986084))
(10, 0.001, 0.0005, 0.95, (2.1308467388153076, 100.40388931274414))
(10, 0.001, 0.002, 0.1, (18.969658613204956, 100.2219400024414))
(10, 0.001, 0.002, 0.5, (17.130995512008667, 100.01173332214356))
(10, 0.001, 0.002, 0.8, (10.8528470993042, 100.00274742126464))
(10, 0.001, 0.002, 0.95, (2.9580979347229004, 100.32039184570313))
(10, 0.001, 0.01, 0.1, (18.931166648864746, 121.64991722106933))
(10, 0.001, 0.01, 0.5, (18.996045112609863, 104.01529884338379))
(10, 0.001, 0.01, 0.8, (19.01078176498413, 100.05697288513184))
(10, 0.001, 0.01, 0.95, (6.308741569519043, 100.03152206420899))
(10, 0.001, 0.05, 0.1, (19.106932640075684, 218.17148605346679))
(10, 0.001, 0.05, 0.5, (19.090452194213867, 177.08322799682617))
(10, 0.001, 0.05, 0.8, (18.982019662857056, 114.86407333374024))
(10, 0.001, 0.05, 0.95, (6.7219343185424805, 100.0287899017334))
(10, 0.001, 0.1, 0.1, (19.071667432785034, 270.37881484985354))
(10, 0.001, 0.1, 0.5, (19.108630180358887, 213.41593002319337))
(10, 0.001, 0.1, 0.8, (19.084334135055542, 147.39211593627931))
(10, 0.001, 0.1, 0.95, (18.993308544158936, 100.52712120056152))
(10, 0.001, 0.2, 0.1, (19.093949794769287, 265.51445129394529))
(10, 0.001, 0.2, 0.5, (19.16323757171631, 249.10694244384766))
(10, 0.001, 0.2, 0.8, (19.080553770065308, 190.18267776489259))
(10, 0.001, 0.2, 0.95, (19.142903566360474, 107.45013236999512))
(10, 0.01, 0.0001, 0.1, (2.742914915084839, 100.76692405700683))
(10, 0.01, 0.0001, 0.5, (4.7499840259552, 100.85964004516602))
(10, 0.01, 0.0001, 0.8, (2.432965040206909, 105.10528190612793))
(10, 0.01, 0.0001, 0.95, (3.1718180179595947, 119.83485633850097))
(10, 0.01, 0.0005, 0.1, (3.5754458904266357, 100.35479598999024))
(10, 0.01, 0.0005, 0.5, (2.0930347442626953, 100.46044906616211))
(10, 0.01, 0.0005, 0.8, (3.9801740646362305, 99.783733139038091))
(10, 0.01, 0.0005, 0.95, (6.646848201751709, 104.83953849792481))
(10, 0.01, 0.002, 0.1, (10.747421741485596, 99.988805770874023))
(10, 0.01, 0.002, 0.5, (4.460148096084595, 100.27414306640625))
(10, 0.01, 0.002, 0.8, (4.040736675262451, 101.01017631530762))
(10, 0.01, 0.002, 0.95, (6.2726686000823975, 99.882985153198248))
(10, 0.01, 0.01, 0.1, (19.32163906097412, 100.00362716674805))
(10, 0.01, 0.01, 0.5, (14.202867031097412, 100.00656860351563))
(10, 0.01, 0.01, 0.8, (7.109869480133057, 100.05413650512695))
(10, 0.01, 0.01, 0.95, (6.090070962905884, 100.19467079162598))
(10, 0.01, 0.05, 0.1, (19.588099002838135, 100.62133506774903))
(10, 0.01, 0.05, 0.5, (19.521217584609985, 100.02879554748534))
(10, 0.01, 0.05, 0.8, (18.901281118392944, 100.00508827209472))
(10, 0.01, 0.05, 0.95, (7.1927995681762695, 100.03099853515624))
(10, 0.01, 0.1, 0.1, (19.59425711631775, 108.1601798248291))
(10, 0.01, 0.1, 0.5, (19.606144189834595, 100.93792053222656))
(10, 0.01, 0.1, 0.8, (17.422343492507935, 100.01301155090331))
(10, 0.01, 0.1, 0.95, (6.164740800857544, 100.01984474182129))
(10, 0.01, 0.2, 0.1, (19.674319982528687, 132.14025833129884))
(10, 0.01, 0.2, 0.5, (19.544838190078735, 109.57648193359375))
(10, 0.01, 0.2, 0.8, (19.616779327392578, 100.2685668182373))
(10, 0.01, 0.2, 0.95, (8.0671706199646, 100.00431373596192))
(10, 0.05, 0.0001, 0.1, (2.859065532684326, 101.7766976928711))
(10, 0.05, 0.0001, 0.5, (3.248896837234497, 108.57835762023926))
(10, 0.05, 0.0001, 0.8, (6.808124780654907, 113.9273014831543))
(10, 0.05, 0.0001, 0.95, (2.556689739227295, 176.45300544738768))
(10, 0.05, 0.0005, 0.1, (5.598160743713379, 101.29995552062988))
(10, 0.05, 0.0005, 0.5, (9.010568380355835, 101.64752037048339))
(10, 0.05, 0.0005, 0.8, (5.624344348907471, 104.6903116607666))
(10, 0.05, 0.0005, 0.95, (10.179549932479858, 114.99501525878907))
(10, 0.05, 0.002, 0.1, (6.791499137878418, 100.47163414001464))
(10, 0.05, 0.002, 0.5, (9.447306871414185, 100.19046684265136))
(10, 0.05, 0.002, 0.8, (6.116271257400513, 102.28010581970214))
(10, 0.05, 0.002, 0.95, (6.124216079711914, 112.71011917114258))
(10, 0.05, 0.01, 0.1, (15.467320203781128, 100.01760818481445))
(10, 0.05, 0.01, 0.5, (4.9693427085876465, 100.1762449645996))
(10, 0.05, 0.01, 0.8, (7.5832602977752686, 100.46708068847656))
(10, 0.05, 0.01, 0.95, (5.781113147735596, 104.68350616455078))
(10, 0.05, 0.05, 0.1, (17.721531867980957, 100.0062239074707))
(10, 0.05, 0.05, 0.5, (13.10518217086792, 100.00271003723145))
(10, 0.05, 0.05, 0.8, (5.497234344482422, 99.910630264282233))
(10, 0.05, 0.05, 0.95, (6.27414608001709, 100.53578567504883))
(10, 0.05, 0.1, 0.1, (16.748361349105835, 100.0063355255127))
(10, 0.05, 0.1, 0.5, (20.158921480178833, 100.00521453857422))
(10, 0.05, 0.1, 0.8, (12.011023998260498, 100.01461540222168))
(10, 0.05, 0.1, 0.95, (8.21282958984375, 100.117476272583))
(10, 0.05, 0.2, 0.1, (20.186712503433228, 100.10279769897461))
(10, 0.05, 0.2, 0.5, (20.20579695701599, 100.00591529846191))
(10, 0.05, 0.2, 0.8, (18.616695165634155, 100.00568939208985))
(10, 0.05, 0.2, 0.95, (8.609653234481812, 99.927587509155273))
(10, 0.1, 0.0001, 0.1, (10.17446517944336, 105.48293418884278))
(10, 0.1, 0.0001, 0.5, (7.51934289932251, 108.80186294555664))
(10, 0.1, 0.0001, 0.8, (6.1003923416137695, 149.26398498535156))
(10, 0.1, 0.0001, 0.95, (4.604218482971191, 239.67894012451171))
(10, 0.1, 0.0005, 0.1, (7.644855737686157, 101.03660942077637))
(10, 0.1, 0.0005, 0.5, (9.126477718353271, 102.54785301208496))
(10, 0.1, 0.0005, 0.8, (10.733104228973389, 106.18137786865235))
(10, 0.1, 0.0005, 0.95, (7.521634578704834, 135.45100944519044))
(10, 0.1, 0.002, 0.1, (6.204793691635132, 100.04155952453613))
(10, 0.1, 0.002, 0.5, (9.261093616485596, 99.428304824829098))
(10, 0.1, 0.002, 0.8, (6.28253173828125, 103.46459411621093))
(10, 0.1, 0.002, 0.95, (8.494426012039185, 108.36787406921387))
(10, 0.1, 0.01, 0.1, (6.26685643196106, 100.19249740600586))
(10, 0.1, 0.01, 0.5, (6.6559178829193115, 100.36556831359863))
(10, 0.1, 0.01, 0.8, (7.122923374176025, 100.73386833190918))
(10, 0.1, 0.01, 0.95, (7.104195833206177, 101.55968269348145))
(10, 0.1, 0.05, 0.1, (17.26271152496338, 100.00470893859864))
(10, 0.1, 0.05, 0.5, (10.884688377380371, 100.02363265991211))
(10, 0.1, 0.05, 0.8, (5.964707851409912, 100.06305717468261))
(10, 0.1, 0.05, 0.95, (6.740704298019409, 99.886049346923826))
(10, 0.1, 0.1, 0.1, (18.68323302268982, 100.00435928344727))
(10, 0.1, 0.1, 0.5, (19.8102445602417, 100.00475952148437))
(10, 0.1, 0.1, 0.8, (12.40087366104126, 100.02574844360352))
(10, 0.1, 0.1, 0.95, (10.913430452346802, 100.11415031433106))
(10, 0.1, 0.2, 0.1, (19.963531255722046, 100.00550430297852))
(10, 0.1, 0.2, 0.5, (17.342231035232544, 100.00457084655761))
(10, 0.1, 0.2, 0.8, (8.718014001846313, 99.988562088012699))
(10, 0.1, 0.2, 0.95, (6.9082581996917725, 100.03413436889649))
(10, 0.5, 0.0001, 0.1, (2.8149194717407227, nan))
(10, 0.5, 0.0001, 0.5, (3.08034610748291, nan))
(10, 0.5, 0.0001, 0.8, (2.867079734802246, nan))
(10, 0.5, 0.0001, 0.95, (2.8675498962402344, nan))
(10, 0.5, 0.0005, 0.1, (2.911989212036133, 7.9919267859184742e+17))
(10, 0.5, 0.0005, 0.5, (2.9433505535125732, nan))
(10, 0.5, 0.0005, 0.8, (2.972554922103882, nan))
(10, 0.5, 0.0005, 0.95, (2.962371587753296, nan))
(10, 0.5, 0.002, 0.1, (11.622816801071167, 102.75922973632812))
(10, 0.5, 0.002, 0.5, (2.9720797538757324, nan))
(10, 0.5, 0.002, 0.8, (2.9978208541870117, nan))
(10, 0.5, 0.002, 0.95, (3.0259413719177246, nan))
(10, 0.5, 0.01, 0.1, (9.825934648513794, 100.25874488830567))
(10, 0.5, 0.01, 0.5, (11.721633434295654, 100.6590372467041))
(10, 0.5, 0.01, 0.8, (7.638483762741089, 425.31516143798831))
(10, 0.5, 0.01, 0.95, (8.099155187606812, 20530080178503.68))
(10, 0.5, 0.05, 0.1, (6.518125057220459, 100.32249557495118))
(10, 0.5, 0.05, 0.5, (9.522831201553345, 100.07044960021973))
(10, 0.5, 0.05, 0.8, (7.314846038818359, 100.83005722045898))
(10, 0.5, 0.05, 0.95, (9.218477964401245, 103.87409637451172))
(10, 0.5, 0.1, 0.1, (10.643903732299805, 100.00601463317871))
(10, 0.5, 0.1, 0.5, (5.0548577308654785, 100.88132141113282))
(10, 0.5, 0.1, 0.8, (9.181249141693115, 99.669932174682614))
(10, 0.5, 0.1, 0.95, (6.200481176376343, 103.40144226074219))
(10, 0.5, 0.2, 0.1, (21.183250665664673, 99.998735275268558))
(10, 0.5, 0.2, 0.5, (18.62178945541382, 99.994423294067388))
(10, 0.5, 0.2, 0.8, (5.550297498703003, 100.16826957702636))
(10, 0.5, 0.2, 0.95, (7.074183225631714, 101.73817962646484))
(10, 0.75, 0.0001, 0.1, (3.65659236907959, nan))
(10, 0.75, 0.0001, 0.5, (3.3800320625305176, nan))
(10, 0.75, 0.0001, 0.8, (3.3982887268066406, nan))
(10, 0.75, 0.0001, 0.95, (3.410613775253296, nan))
(10, 0.75, 0.0005, 0.1, (3.4423701763153076, nan))
(10, 0.75, 0.0005, 0.5, (3.453453779220581, nan))
(10, 0.75, 0.0005, 0.8, (3.4729623794555664, nan))
(10, 0.75, 0.0005, 0.95, (3.4884376525878906, nan))
(10, 0.75, 0.002, 0.1, (3.532965898513794, nan))
(10, 0.75, 0.002, 0.5, (3.5503828525543213, nan))
(10, 0.75, 0.002, 0.8, (3.5609545707702637, nan))
(10, 0.75, 0.002, 0.95, (3.558607339859009, nan))
(10, 0.75, 0.01, 0.1, (8.820839881896973, 100.34122383117676))
(10, 0.75, 0.01, 0.5, (4.717400312423706, 307.15787017822265))
(10, 0.75, 0.01, 0.8, (3.642721652984619, nan))
(10, 0.75, 0.01, 0.95, (3.685351848602295, nan))
(10, 0.75, 0.05, 0.1, (7.455815076828003, 100.31478507995605))
(10, 0.75, 0.05, 0.5, (8.227776288986206, 99.862286682128911))
(10, 0.75, 0.05, 0.8, (6.3425610065460205, 103.19032707214356))
(10, 0.75, 0.05, 0.95, (9.796388149261475, 104.35440803527833))
(10, 0.75, 0.1, 0.1, (8.630429983139038, 100.03595794677734))
(10, 0.75, 0.1, 0.5, (8.2823007106781, 100.12487075805664))
(10, 0.75, 0.1, 0.8, (7.189772367477417, 100.14096771240234))
(10, 0.75, 0.1, 0.95, (9.887794256210327, 102.47107414245606))
(10, 0.75, 0.2, 0.1, (21.90007257461548, 99.998851699829103))
(10, 0.75, 0.2, 0.5, (7.249639511108398, 99.926324768066408))
(10, 0.75, 0.2, 0.8, (6.145828008651733, 100.54381469726563))
(10, 0.75, 0.2, 0.95, (7.678012371063232, 100.95708503723145))
(50, 0.001, 0.0001, 0.1, (6.1105124950408936, 100.02003402709961))
(50, 0.001, 0.0001, 0.5, (4.888843536376953, 100.01299499511718))
(50, 0.001, 0.0001, 0.8, (3.9136996269226074, 99.980514221191413))
(50, 0.001, 0.0001, 0.95, (3.613166332244873, 99.945800628662113))
(50, 0.001, 0.0005, 0.1, (7.129762649536133, 100.07401496887206))
(50, 0.001, 0.0005, 0.5, (6.2254815101623535, 100.01272087097168))
(50, 0.001, 0.0005, 0.8, (4.081269979476929, 99.989387664794918))
(50, 0.001, 0.0005, 0.95, (3.7962236404418945, 100.14560104370118))
(50, 0.001, 0.002, 0.1, (7.159357309341431, 102.18565704345703))
(50, 0.001, 0.002, 0.5, (7.161360263824463, 100.1156901550293))
(50, 0.001, 0.002, 0.8, (4.711772203445435, 100.01835830688476))
(50, 0.001, 0.002, 0.95, (4.151445150375366, 100.02729881286621))
(50, 0.001, 0.01, 0.1, (7.213599443435669, 141.71980194091796))
(50, 0.001, 0.01, 0.5, (7.2348387241363525, 112.08029220581055))
(50, 0.001, 0.01, 0.8, (7.275338172912598, 100.32345275878906))
(50, 0.001, 0.01, 0.95, (4.52285099029541, 100.00589294433594))
(50, 0.001, 0.05, 0.1, (7.2566046714782715, 236.47914550781249))
(50, 0.001, 0.05, 0.5, (7.274451732635498, 194.41829528808594))
(50, 0.001, 0.05, 0.8, (7.3564934730529785, 127.25668884277344))
(50, 0.001, 0.05, 0.95, (7.3441948890686035, 100.08989929199218))
(50, 0.001, 0.1, 0.1, (7.397353410720825, 249.02334915161134))
(50, 0.001, 0.1, 0.5, (7.392799615859985, 227.04629669189453))
(50, 0.001, 0.1, 0.8, (7.456549644470215, 164.22301300048829))
(50, 0.001, 0.1, 0.95, (7.48890495300293, 101.48146240234375))
(50, 0.001, 0.2, 0.1, (7.460948467254639, 291.3915368652344))
(50, 0.001, 0.2, 0.5, (7.458009481430054, 250.64538818359375))
(50, 0.001, 0.2, 0.8, (7.470437288284302, 201.39023300170899))
(50, 0.001, 0.2, 0.95, (7.522188901901245, 112.85599212646484))
(50, 0.01, 0.0001, 0.1, (4.272144794464111, 100.10059364318847))
(50, 0.01, 0.0001, 0.5, (4.069931268692017, 100.27746292114257))
(50, 0.01, 0.0001, 0.8, (4.00256872177124, 101.87147903442383))
(50, 0.01, 0.0001, 0.95, (4.037100315093994, 105.36798522949219))
(50, 0.01, 0.0005, 0.1, (5.079229354858398, 99.959276275634764))
(50, 0.01, 0.0005, 0.5, (4.073582887649536, 99.574377059936523))
(50, 0.01, 0.0005, 0.8, (4.249561786651611, 100.92786285400391))
(50, 0.01, 0.0005, 0.95, (4.180046319961548, 101.22454559326172))
(50, 0.01, 0.002, 0.1, (4.511287450790405, 100.02668014526367))
(50, 0.01, 0.002, 0.5, (4.3640296459198, 99.948324661254887))
(50, 0.01, 0.002, 0.8, (4.481139183044434, 100.76264213562011))
(50, 0.01, 0.002, 0.95, (4.807849168777466, 100.9644409942627))
(50, 0.01, 0.01, 0.1, (6.478271245956421, 100.00968627929687))
(50, 0.01, 0.01, 0.5, (5.252071142196655, 100.0085538482666))
(50, 0.01, 0.01, 0.8, (5.272029161453247, 100.03152587890625))
(50, 0.01, 0.01, 0.95, (4.508688688278198, 100.56319206237794))
(50, 0.01, 0.05, 0.1, (7.9238502979278564, 102.6355630493164))
(50, 0.01, 0.05, 0.5, (7.931442499160767, 100.16217910766602))
(50, 0.01, 0.05, 0.8, (6.538788557052612, 100.00405113220215))
(50, 0.01, 0.05, 0.95, (5.157730340957642, 99.98818069458008))
(50, 0.01, 0.1, 0.1, (7.967247009277344, 116.47101776123047))
(50, 0.01, 0.1, 0.5, (8.021564483642578, 102.04644287109375))
(50, 0.01, 0.1, 0.8, (5.769720792770386, 100.0393327331543))
(50, 0.01, 0.1, 0.95, (5.168852090835571, 100.0362621307373))
(50, 0.01, 0.2, 0.1, (8.047654390335083, 153.25260559082031))
(50, 0.01, 0.2, 0.5, (8.095040798187256, 115.75345733642578))
(50, 0.01, 0.2, 0.8, (8.104711055755615, 100.23237785339356))
(50, 0.01, 0.2, 0.95, (6.024655342102051, 100.00396476745605))
(50, 0.05, 0.0001, 0.1, (4.9426796436309814, 102.3313900756836))
(50, 0.05, 0.0001, 0.5, (5.131232500076294, 102.82035736083985))
(50, 0.05, 0.0001, 0.8, (4.775754690170288, 106.28462982177734))
(50, 0.05, 0.0001, 0.95, (4.624276876449585, 108.82013275146484))
(50, 0.05, 0.0005, 0.1, (4.730862379074097, 100.76364601135253))
(50, 0.05, 0.0005, 0.5, (4.836708068847656, 102.11341682434082))
(50, 0.05, 0.0005, 0.8, (5.156969785690308, 105.1721443939209))
(50, 0.05, 0.0005, 0.95, (4.9110777378082275, 117.60883468627929))
(50, 0.05, 0.002, 0.1, (4.906892776489258, 99.565185012817381))
(50, 0.05, 0.002, 0.5, (5.145334482192993, 100.03433143615723))
(50, 0.05, 0.002, 0.8, (4.819451093673706, 105.16029945373535))
(50, 0.05, 0.002, 0.95, (4.992430925369263, 110.68842056274414))
(50, 0.05, 0.01, 0.1, (4.986009359359741, 100.03039848327637))
(50, 0.05, 0.01, 0.5, (6.084911823272705, 99.90181518554688))
(50, 0.05, 0.01, 0.8, (5.103584051132202, 101.25342697143554))
(50, 0.05, 0.01, 0.95, (5.487401008605957, 101.92274909973145))
(50, 0.05, 0.05, 0.1, (6.02411961555481, 100.00415504455566))
(50, 0.05, 0.05, 0.5, (6.2964863777160645, 100.01094535827637))
(50, 0.05, 0.05, 0.8, (6.104299068450928, 99.999201965332034))
(50, 0.05, 0.05, 0.95, (5.082963705062866, 100.18498542785645))
(50, 0.05, 0.1, 0.1, (6.648758888244629, 100.02327774047852))
(50, 0.05, 0.1, 0.5, (6.097108840942383, 100.00692398071288))
(50, 0.05, 0.1, 0.8, (5.649269104003906, 100.0147459411621))
(50, 0.05, 0.1, 0.95, (5.801668405532837, 100.14214782714843))
(50, 0.05, 0.2, 0.1, (8.447747468948364, 100.39338569641113))
(50, 0.05, 0.2, 0.5, (7.245548725128174, 100.02211692810059))
(50, 0.05, 0.2, 0.8, (5.716229200363159, 100.00066146850585))
(50, 0.05, 0.2, 0.95, (5.64311408996582, 99.993662185668938))
(50, 0.1, 0.0001, 0.1, (5.445289134979248, 102.51115684509277))
(50, 0.1, 0.0001, 0.5, (5.0909435749053955, 108.62244186401367))
(50, 0.1, 0.0001, 0.8, (5.055455684661865, 109.19855354309082))
(50, 0.1, 0.0001, 0.95, (5.286744594573975, 126.35762504577637))
(50, 0.1, 0.0005, 0.1, (5.635955572128296, 101.15526428222657))
(50, 0.1, 0.0005, 0.5, (5.102288007736206, 103.70777389526367))
(50, 0.1, 0.0005, 0.8, (5.447089910507202, 104.91370307922364))
(50, 0.1, 0.0005, 0.95, (5.150213241577148, 104.94204277038574))
(50, 0.1, 0.002, 0.1, (5.269600868225098, 101.46876235961913))
(50, 0.1, 0.002, 0.5, (5.964090585708618, 101.62952751159668))
(50, 0.1, 0.002, 0.8, (5.510110855102539, 102.36678192138672))
(50, 0.1, 0.002, 0.95, (5.310231447219849, 109.87052215576172))
(50, 0.1, 0.01, 0.1, (6.815053701400757, 99.912364349365234))
(50, 0.1, 0.01, 0.5, (5.686830997467041, 100.23397514343262))
(50, 0.1, 0.01, 0.8, (6.541769742965698, 101.13760688781738))
(50, 0.1, 0.01, 0.95, (5.581530570983887, 107.88872055053712))
(50, 0.1, 0.05, 0.1, (6.895490884780884, 99.999337539672851))
(50, 0.1, 0.05, 0.5, (7.242525100708008, 100.00961418151856))
(50, 0.1, 0.05, 0.8, (7.716280937194824, 100.06501258850098))
(50, 0.1, 0.05, 0.95, (5.800194263458252, 100.54041229248047))
(50, 0.1, 0.1, 0.1, (7.696309328079224, 100.00648651123046))
(50, 0.1, 0.1, 0.5, (6.469829797744751, 99.999224853515628))
(50, 0.1, 0.1, 0.8, (6.100086688995361, 100.01582740783691))
(50, 0.1, 0.1, 0.95, (6.058061599731445, 100.48719047546386))
(50, 0.1, 0.2, 0.1, (7.857712984085083, 100.0110034942627))
(50, 0.1, 0.2, 0.5, (7.338669061660767, 100.0032105255127))
(50, 0.1, 0.2, 0.8, (7.068905591964722, 99.996526260375973))
(50, 0.1, 0.2, 0.95, (6.239965200424194, 99.990802230834959))
(50, 0.5, 0.0001, 0.1, (5.556916236877441, 2.8976704435094675e+25))
(50, 0.5, 0.0001, 0.5, (5.516639232635498, nan))
(50, 0.5, 0.0001, 0.8, (5.562672138214111, nan))
(50, 0.5, 0.0001, 0.95, (5.570516347885132, nan))
(50, 0.5, 0.0005, 0.1, (5.66201376914978, 206588529541.12))
(50, 0.5, 0.0005, 0.5, (5.5958921909332275, inf))
(50, 0.5, 0.0005, 0.8, (5.61642599105835, nan))
(50, 0.5, 0.0005, 0.95, (5.690085172653198, nan))
(50, 0.5, 0.002, 0.1, (6.381062984466553, 101.2018155670166))
(50, 0.5, 0.002, 0.5, (5.7665252685546875, 2.3952570340701108e+26))
(50, 0.5, 0.002, 0.8, (5.787573575973511, inf))
(50, 0.5, 0.002, 0.95, (5.7549216747283936, nan))
(50, 0.5, 0.01, 0.1, (7.073211908340454, 99.509770812988279))
(50, 0.5, 0.01, 0.5, (7.103274583816528, 102.56181823730469))
(50, 0.5, 0.01, 0.8, (6.569844722747803, 105.44941635131836))
(50, 0.5, 0.01, 0.95, (6.44424843788147, 123.26709632873535))
(50, 0.5, 0.05, 0.1, (7.485037088394165, 100.00304985046387))
(50, 0.5, 0.05, 0.5, (6.7773895263671875, 99.930200805664057))
(50, 0.5, 0.05, 0.8, (7.442932367324829, 100.23612823486329))
(50, 0.5, 0.05, 0.95, (6.459829807281494, 100.8899723815918))
(50, 0.5, 0.1, 0.1, (8.993728876113892, 100.00633110046387))
(50, 0.5, 0.1, 0.5, (6.812047243118286, 100.02096061706543))
(50, 0.5, 0.1, 0.8, (7.4197916984558105, 99.893306732177734))
(50, 0.5, 0.1, 0.95, (7.267540216445923, 100.74777328491211))
(50, 0.5, 0.2, 0.1, (8.30820918083191, 100.00352684020996))
(50, 0.5, 0.2, 0.5, (7.728231191635132, 100.03664802551269))
(50, 0.5, 0.2, 0.8, (7.12843132019043, 100.10941398620605))
(50, 0.5, 0.2, 0.95, (7.11713433265686, 100.54743743896485))
(50, 0.75, 0.0001, 0.1, (6.0769593715667725, nan))
(50, 0.75, 0.0001, 0.5, (6.103018760681152, nan))
(50, 0.75, 0.0001, 0.8, (6.123393774032593, nan))
(50, 0.75, 0.0001, 0.95, (6.158920526504517, nan))
(50, 0.75, 0.0005, 0.1, (6.180294752120972, nan))
(50, 0.75, 0.0005, 0.5, (6.188117980957031, nan))
(50, 0.75, 0.0005, 0.8, (6.203165531158447, nan))
(50, 0.75, 0.0005, 0.95, (6.229031085968018, nan))
(50, 0.75, 0.002, 0.1, (6.267710208892822, nan))
(50, 0.75, 0.002, 0.5, (6.282236814498901, nan))
(50, 0.75, 0.002, 0.8, (6.297015428543091, nan))
(50, 0.75, 0.002, 0.95, (6.308676481246948, nan))
(50, 0.75, 0.01, 0.1, (8.019411325454712, 100.10482208251953))
(50, 0.75, 0.01, 0.5, (6.327409505844116, 5.959010229684279e+31))
(50, 0.75, 0.01, 0.8, (6.322641372680664, inf))
(50, 0.75, 0.01, 0.95, (6.315396547317505, nan))
(50, 0.75, 0.05, 0.1, (8.506428718566895, 99.899951019287116))
(50, 0.75, 0.05, 0.5, (6.907684087753296, 100.44042602539062))
(50, 0.75, 0.05, 0.8, (7.454899787902832, 101.38219535827636))
(50, 0.75, 0.05, 0.95, (6.987361431121826, 106.27761909484863))
(50, 0.75, 0.1, 0.1, (7.710349798202515, 100.03195457458496))
(50, 0.75, 0.1, 0.5, (7.547100067138672, 100.07039306640625))
(50, 0.75, 0.1, 0.8, (7.467426538467407, 99.770227127075202))
(50, 0.75, 0.1, 0.95, (7.080649137496948, 102.49592445373536))
(50, 0.75, 0.2, 0.1, (8.156694650650024, 100.0113021850586))
(50, 0.75, 0.2, 0.5, (8.691080331802368, 100.01488700866699))
(50, 0.75, 0.2, 0.8, (6.892890930175781, 99.941340789794921))
(50, 0.75, 0.2, 0.95, (7.697640657424927, 100.450728225708))
(100, 0.001, 0.0001, 0.1, (8.254222393035889, 100.24329467773437))
(100, 0.001, 0.0001, 0.5, (7.87655234336853, 100.02912887573243))
(100, 0.001, 0.0001, 0.8, (7.054859161376953, 100.04743347167968))
(100, 0.001, 0.0001, 0.95, (6.653116464614868, 100.03111083984375))
(100, 0.001, 0.0005, 0.1, (8.431464195251465, 100.70395057678223))
(100, 0.001, 0.0005, 0.5, (8.359912872314453, 100.05098045349121))
(100, 0.001, 0.0005, 0.8, (7.3047263622283936, 99.991723861694339))
(100, 0.001, 0.0005, 0.95, (6.781220197677612, 99.892049942016598))
(100, 0.001, 0.002, 0.1, (8.52182912826538, 106.76256439208984))
(100, 0.001, 0.002, 0.5, (8.529642105102539, 100.53629676818848))
(100, 0.001, 0.002, 0.8, (7.627102375030518, 100.02783157348632))
(100, 0.001, 0.002, 0.95, (6.922449350357056, 99.915462875366217))
(100, 0.001, 0.01, 0.1, (8.617669582366943, 156.89053024291991))
(100, 0.001, 0.01, 0.5, (8.627896547317505, 119.62835250854492))
(100, 0.001, 0.01, 0.8, (8.609923124313354, 100.89805168151855))
(100, 0.001, 0.01, 0.95, (7.32970666885376, 99.997203598022466))
(100, 0.001, 0.05, 0.1, (8.672424554824829, 247.57182922363282))
(100, 0.001, 0.05, 0.5, (8.665758848190308, 203.24978805541991))
(100, 0.001, 0.05, 0.8, (8.695948123931885, 135.11362495422364))
(100, 0.001, 0.05, 0.95, (8.7379150390625, 100.13564239501953))
(100, 0.001, 0.1, 0.1, (8.723246335983276, 264.62611099243162))
(100, 0.001, 0.1, 0.5, (8.789655923843384, 242.16588897705077))
(100, 0.001, 0.1, 0.8, (8.824171781539917, 170.55688674926759))
(100, 0.001, 0.1, 0.95, (8.845630645751953, 102.2790340423584))
(100, 0.001, 0.2, 0.1, (8.879831314086914, 282.69141845703126))
(100, 0.001, 0.2, 0.5, (8.872246265411377, 258.19855255126953))
(100, 0.001, 0.2, 0.8, (8.91257929801941, 217.99582717895507))
(100, 0.001, 0.2, 0.95, (8.934022426605225, 115.96753044128418))
(100, 0.01, 0.0001, 0.1, (7.391256809234619, 99.996129684448249))
(100, 0.01, 0.0001, 0.5, (7.309510231018066, 99.990990447998044))
(100, 0.01, 0.0001, 0.8, (7.180409669876099, 100.36314262390137))
(100, 0.01, 0.0001, 0.95, (7.320623874664307, 101.69032745361328))
(100, 0.01, 0.0005, 0.1, (7.3984339237213135, 100.01795959472656))
(100, 0.01, 0.0005, 0.5, (7.319074392318726, 100.00518074035645))
(100, 0.01, 0.0005, 0.8, (7.376207113265991, 99.555055694580076))
(100, 0.01, 0.0005, 0.95, (7.511237859725952, 101.10597396850586))
(100, 0.01, 0.002, 0.1, (7.586838483810425, 100.02095771789551))
(100, 0.01, 0.002, 0.5, (7.382968425750732, 100.10958671569824))
(100, 0.01, 0.002, 0.8, (7.404000997543335, 100.31232795715331))
(100, 0.01, 0.002, 0.95, (7.503225088119507, 100.63043373107911))
(100, 0.01, 0.01, 0.1, (8.385283708572388, 100.02851654052735))
(100, 0.01, 0.01, 0.5, (7.784597158432007, 100.00558486938476))
(100, 0.01, 0.01, 0.8, (7.740285158157349, 99.971100387573244))
(100, 0.01, 0.01, 0.95, (7.590368032455444, 100.14791816711426))
(100, 0.01, 0.05, 0.1, (9.247643232345581, 104.30386512756348))
(100, 0.01, 0.05, 0.5, (9.271388292312622, 100.30247665405274))
(100, 0.01, 0.05, 0.8, (8.1044762134552, 100.00397254943847))
(100, 0.01, 0.05, 0.95, (8.12654161453247, 100.06723136901856))
(100, 0.01, 0.1, 0.1, (9.328380584716797, 122.24697967529296))
(100, 0.01, 0.1, 0.5, (9.325098514556885, 103.59653045654296))
(100, 0.01, 0.1, 0.8, (8.637034893035889, 100.03954879760742))
(100, 0.01, 0.1, 0.95, (7.7542853355407715, 99.977290725708002))
(100, 0.01, 0.2, 0.1, (9.392553091049194, 157.40824783325195))
(100, 0.01, 0.2, 0.5, (9.421513557434082, 118.95275833129882))
(100, 0.01, 0.2, 0.8, (9.446960210800171, 100.67637496948242))
(100, 0.01, 0.2, 0.95, (8.026893615722656, 100.01347755432128))
(100, 0.05, 0.0001, 0.1, (7.725292682647705, 100.02587295532227))
(100, 0.05, 0.0001, 0.5, (7.7596518993377686, 101.14327949523926))
(100, 0.05, 0.0001, 0.8, (7.976188659667969, 102.21454528808594))
(100, 0.05, 0.0001, 0.95, (7.693795204162598, 103.10532623291016))
(100, 0.05, 0.0005, 0.1, (7.79183554649353, 99.931223144531245))
(100, 0.05, 0.0005, 0.5, (8.072799682617188, 100.85694602966309))
(100, 0.05, 0.0005, 0.8, (8.704383373260498, 103.08263359069824))
(100, 0.05, 0.0005, 0.95, (7.9077441692352295, 104.50522605895996))
(100, 0.05, 0.002, 0.1, (7.833320617675781, 100.83842048645019))
(100, 0.05, 0.002, 0.5, (7.862715721130371, 100.61240798950195))
(100, 0.05, 0.002, 0.8, (8.105793952941895, 102.95301856994629))
(100, 0.05, 0.002, 0.95, (8.071572542190552, 105.09029411315917))
(100, 0.05, 0.01, 0.1, (7.947646856307983, 100.25533477783203))
(100, 0.05, 0.01, 0.5, (7.912727117538452, 100.88898788452148))
(100, 0.05, 0.01, 0.8, (8.256786108016968, 99.841773147583012))
(100, 0.05, 0.01, 0.95, (8.178508281707764, 99.609780273437494))
(100, 0.05, 0.05, 0.1, (9.432302951812744, 100.00444854736328))
(100, 0.05, 0.05, 0.5, (8.913454294204712, 100.00272773742675))
(100, 0.05, 0.05, 0.8, (8.111108303070068, 99.995189971923821))
(100, 0.05, 0.05, 0.95, (8.334486961364746, 99.954814300537109))
(100, 0.05, 0.1, 0.1, (9.57817530632019, 100.02873123168945))
(100, 0.05, 0.1, 0.5, (8.638659954071045, 100.00506729125976))
(100, 0.05, 0.1, 0.8, (8.366645336151123, 100.06823722839356))
(100, 0.05, 0.1, 0.95, (8.177152395248413, 100.08939521789551))
(100, 0.05, 0.2, 0.1, (9.819368362426758, 100.48684425354004))
(100, 0.05, 0.2, 0.5, (9.087634325027466, 100.03312202453613))
(100, 0.05, 0.2, 0.8, (8.625385522842407, 100.00180107116699))
(100, 0.05, 0.2, 0.95, (8.464049577713013, 100.21818168640137))
(100, 0.1, 0.0001, 0.1, (8.194353342056274, 100.93683746337891))
(100, 0.1, 0.0001, 0.5, (8.127037048339844, 99.90809051513672))
(100, 0.1, 0.0001, 0.8, (8.169538497924805, 103.09455978393555))
(100, 0.1, 0.0001, 0.95, (8.435503244400024, 102.95092475891113))
(100, 0.1, 0.0005, 0.1, (8.160086154937744, 100.00207015991211))
(100, 0.1, 0.0005, 0.5, (8.244764804840088, 102.86849784851074))
(100, 0.1, 0.0005, 0.8, (8.370154857635498, 102.52856208801269))
(100, 0.1, 0.0005, 0.95, (8.319149732589722, 115.71780654907226))
(100, 0.1, 0.002, 0.1, (8.493311405181885, 100.98569694519043))
(100, 0.1, 0.002, 0.5, (8.492286682128906, 99.951005859375002))
(100, 0.1, 0.002, 0.8, (8.421905517578125, 104.16247947692871))
(100, 0.1, 0.002, 0.95, (8.489850282669067, 104.24571578979493))
(100, 0.1, 0.01, 0.1, (8.709978103637695, 99.936070632934573))
(100, 0.1, 0.01, 0.5, (8.960695505142212, 99.97674690246582))
(100, 0.1, 0.01, 0.8, (8.575169086456299, 100.85658401489258))
(100, 0.1, 0.01, 0.95, (8.623078107833862, 103.00001426696777))
(100, 0.1, 0.05, 0.1, (9.036816358566284, 99.991880493164061))
(100, 0.1, 0.05, 0.5, (8.769401550292969, 100.0979801940918))
(100, 0.1, 0.05, 0.8, (9.13327670097351, 99.907249145507819))
(100, 0.1, 0.05, 0.95, (8.729625463485718, 100.51414779663087))
(100, 0.1, 0.1, 0.1, (9.743682622909546, 100.00755058288574))
(100, 0.1, 0.1, 0.5, (9.430426359176636, 100.00130157470703))
(100, 0.1, 0.1, 0.8, (9.058733463287354, 99.976021728515619))
(100, 0.1, 0.1, 0.95, (9.058348655700684, 99.990905380249018))
(100, 0.1, 0.2, 0.1, (9.74907922744751, 100.02292701721191))
(100, 0.1, 0.2, 0.5, (9.445521593093872, 100.00520683288575))
(100, 0.1, 0.2, 0.8, (9.220460891723633, 99.986928787231449))
(100, 0.1, 0.2, 0.95, (9.17709493637085, 100.13244903564453))
(100, 0.5, 0.0001, 0.1, (8.72384238243103, 6.5458953344033754e+17))
(100, 0.5, 0.0001, 0.5, (8.74265432357788, inf))
(100, 0.5, 0.0001, 0.8, (8.832422733306885, nan))
(100, 0.5, 0.0001, 0.95, (8.8208646774292, nan))
(100, 0.5, 0.0005, 0.1, (8.83296823501587, 737130778460.16003))
(100, 0.5, 0.0005, 0.5, (8.838046550750732, inf))
(100, 0.5, 0.0005, 0.8, (8.915584087371826, inf))
(100, 0.5, 0.0005, 0.95, (8.993136644363403, nan))
(100, 0.5, 0.002, 0.1, (9.410913944244385, 101.78754364013672))
(100, 0.5, 0.002, 0.5, (9.088345766067505, inf))
(100, 0.5, 0.002, 0.8, (9.032013416290283, inf))
(100, 0.5, 0.002, 0.95, (9.02431035041809, inf))
(100, 0.5, 0.01, 0.1, (9.468595504760742, 99.840081176757806))
(100, 0.5, 0.01, 0.5, (9.688495397567749, 100.73670059204102))
(100, 0.5, 0.01, 0.8, (9.200673341751099, 108.63009635925293))
(100, 0.5, 0.01, 0.95, (9.40710163116455, 105.82178985595704))
(100, 0.5, 0.05, 0.1, (9.385830640792847, 100.25943206787109))
(100, 0.5, 0.05, 0.5, (9.737124681472778, 100.09913604736329))
(100, 0.5, 0.05, 0.8, (9.783662796020508, 99.592659454345707))
(100, 0.5, 0.05, 0.95, (9.32648515701294, 103.66669563293458))
(100, 0.5, 0.1, 0.1, (9.55950140953064, 99.823640670776371))
(100, 0.5, 0.1, 0.5, (9.732833862304688, 99.917778625488282))
(100, 0.5, 0.1, 0.8, (9.335680961608887, 100.94864349365234))
(100, 0.5, 0.1, 0.95, (9.753893613815308, 101.17213996887207))
(100, 0.5, 0.2, 0.1, (9.660536527633667, 100.00038955688477))
(100, 0.5, 0.2, 0.5, (9.814848184585571, 100.03118782043457))
(100, 0.5, 0.2, 0.8, (9.756210088729858, 99.876267166137694))
(100, 0.5, 0.2, 0.95, (9.836036205291748, 100.72618942260742))
(100, 0.75, 0.0001, 0.1, (9.409695386886597, nan))
(100, 0.75, 0.0001, 0.5, (9.317364931106567, nan))
(100, 0.75, 0.0001, 0.8, (9.415187358856201, nan))
(100, 0.75, 0.0001, 0.95, (9.440449476242065, nan))
(100, 0.75, 0.0005, 0.1, (9.425856828689575, nan))
(100, 0.75, 0.0005, 0.5, (9.416811466217041, nan))
(100, 0.75, 0.0005, 0.8, (9.427685737609863, nan))
(100, 0.75, 0.0005, 0.95, (9.424439668655396, nan))
(100, 0.75, 0.002, 0.1, (9.572478532791138, inf))
(100, 0.75, 0.002, 0.5, (9.466716289520264, inf))
(100, 0.75, 0.002, 0.8, (9.518351078033447, nan))
(100, 0.75, 0.002, 0.95, (9.586644411087036, nan))
(100, 0.75, 0.01, 0.1, (9.598111391067505, 79709.521875000006))
(100, 0.75, 0.01, 0.5, (9.640801668167114, inf))
(100, 0.75, 0.01, 0.8, (10.673044919967651, inf))
(100, 0.75, 0.01, 0.95, (9.616504192352295, inf))
(100, 0.75, 0.05, 0.1, (10.194890260696411, 100.20470924377442))
(100, 0.75, 0.05, 0.5, (9.93205738067627, 100.5321898651123))
(100, 0.75, 0.05, 0.8, (9.980973482131958, 101.68550064086914))
(100, 0.75, 0.05, 0.95, (9.909959554672241, 110.00774551391602))
(100, 0.75, 0.1, 0.1, (10.46450161933899, 100.01465766906739))
(100, 0.75, 0.1, 0.5, (10.445167064666748, 99.927152633666992))
(100, 0.75, 0.1, 0.8, (10.192399263381958, 100.34876762390137))
(100, 0.75, 0.1, 0.95, (10.081764698028564, 100.59907844543457))
(100, 0.75, 0.2, 0.1, (10.278295755386353, 100.01760284423828))
(100, 0.75, 0.2, 0.5, (10.478288650512695, 100.02362541198731))
(100, 0.75, 0.2, 0.8, (10.1585533618927, 100.55459487915039))
(100, 0.75, 0.2, 0.95, (9.956862926483154, 102.63734397888183))
(200, 0.001, 0.0001, 0.1, (10.681506633758545, 104.38923538208007))
(200, 0.001, 0.0001, 0.5, (10.68883728981018, 100.3366032409668))
(200, 0.001, 0.0001, 0.8, (10.272587299346924, 100.02860321044922))
(200, 0.001, 0.0001, 0.95, (9.857883214950562, 99.965970916748049))
(200, 0.001, 0.0005, 0.1, (10.681971073150635, 106.71307472229005))
(200, 0.001, 0.0005, 0.5, (10.720921039581299, 100.63232086181641))
(200, 0.001, 0.0005, 0.8, (10.390977382659912, 100.01870628356933))
(200, 0.001, 0.0005, 0.95, (9.99709701538086, 100.17667663574218))
(200, 0.001, 0.002, 0.1, (10.81380820274353, 119.17286849975586))
(200, 0.001, 0.002, 0.5, (10.849524974822998, 103.67673339843751))
(200, 0.001, 0.002, 0.8, (10.67735481262207, 100.07292533874512))
(200, 0.001, 0.002, 0.95, (9.93849802017212, 100.26914382934571))
(200, 0.001, 0.01, 0.1, (10.856842517852783, 175.21070510864257))
(200, 0.001, 0.01, 0.5, (10.950292110443115, 133.96216407775879))
(200, 0.001, 0.01, 0.8, (10.898259162902832, 102.44743171691894))
(200, 0.001, 0.01, 0.95, (10.066524267196655, 100.33155258178711))
(200, 0.001, 0.05, 0.1, (10.99185562133789, 247.84284576416016))
(200, 0.001, 0.05, 0.5, (11.030974626541138, 199.03308639526367))
(200, 0.001, 0.05, 0.8, (11.043192863464355, 147.76891067504883))
(200, 0.001, 0.05, 0.95, (11.070592641830444, 100.23090675354004))
(200, 0.001, 0.1, 0.1, (11.089595079421997, 275.98868347167968))
(200, 0.001, 0.1, 0.5, (11.131935358047485, 244.68480590820312))
(200, 0.001, 0.1, 0.8, (11.152203798294067, 193.03724716186522))
(200, 0.001, 0.1, 0.95, (11.216235399246216, 103.78814361572266))
(200, 0.001, 0.2, 0.1, (11.21419906616211, 298.40343383789065))
(200, 0.001, 0.2, 0.5, (11.198209047317505, 277.31023681640625))
(200, 0.001, 0.2, 0.8, (11.270106077194214, 215.02224288940431))
(200, 0.001, 0.2, 0.95, (11.275964736938477, 122.05693489074707))
(200, 0.01, 0.0001, 0.1, (10.621340990066528, 99.988158798217768))
(200, 0.01, 0.0001, 0.5, (10.523358821868896, 99.897529830932612))
(200, 0.01, 0.0001, 0.8, (10.444964408874512, 99.908140563964849))
(200, 0.01, 0.0001, 0.95, (10.530582904815674, 100.10044013977051))
(200, 0.01, 0.0005, 0.1, (10.792338848114014, 99.995571823120116))
(200, 0.01, 0.0005, 0.5, (10.634563207626343, 99.864133377075191))
(200, 0.01, 0.0005, 0.8, (10.570825576782227, 100.14704826354981))
(200, 0.01, 0.0005, 0.95, (10.726983070373535, 100.23745620727539))
(200, 0.01, 0.002, 0.1, (11.218369245529175, 100.00190040588379))
(200, 0.01, 0.002, 0.5, (10.773777484893799, 99.949476470947261))
(200, 0.01, 0.002, 0.8, (10.702369213104248, 100.07136619567871))
(200, 0.01, 0.002, 0.95, (10.75880479812622, 100.55603012084961))
(200, 0.01, 0.01, 0.1, (11.498809099197388, 100.05759864807129))
(200, 0.01, 0.01, 0.5, (10.990463972091675, 100.0214387512207))
(200, 0.01, 0.01, 0.8, (10.754790306091309, 100.03397201538085))
(200, 0.01, 0.01, 0.95, (10.872737884521484, 100.30643737792968))
(200, 0.01, 0.05, 0.1, (11.686973571777344, 106.88165046691894))
(200, 0.01, 0.05, 0.5, (11.734919309616089, 100.74781242370605))
(200, 0.01, 0.05, 0.8, (11.006024360656738, 100.00460952758789))
(200, 0.01, 0.05, 0.95, (11.072729349136353, 100.03220306396484))
(200, 0.01, 0.1, 0.1, (11.829869270324707, 131.64307167053224))
(200, 0.01, 0.1, 0.5, (11.803369045257568, 106.32379806518554))
(200, 0.01, 0.1, 0.8, (11.809723377227783, 100.07218406677246))
(200, 0.01, 0.1, 0.95, (11.179378271102905, 100.01303504943847))
(200, 0.01, 0.2, 0.1, (11.861618280410767, 159.21715286254883))
(200, 0.01, 0.2, 0.5, (11.96964406967163, 125.62516685485839))
(200, 0.01, 0.2, 0.8, (11.958234310150146, 101.14510025024414))
(200, 0.01, 0.2, 0.95, (11.157394409179688, 100.15934783935546))
(200, 0.05, 0.0001, 0.1, (11.092400074005127, 100.05745864868165))
(200, 0.05, 0.0001, 0.5, (11.105887651443481, 100.26538299560546))
(200, 0.05, 0.0001, 0.8, (11.09723424911499, 100.7806607055664))
(200, 0.05, 0.0001, 0.95, (11.295218467712402, 107.32245391845703))
(200, 0.05, 0.0005, 0.1, (11.15695071220398, 100.33324035644532))
(200, 0.05, 0.0005, 0.5, (11.22977066040039, 100.17080909729003))
(200, 0.05, 0.0005, 0.8, (11.285332679748535, 101.58748054504395))
(200, 0.05, 0.0005, 0.95, (11.34801173210144, 101.57430114746094))
(200, 0.05, 0.002, 0.1, (11.42244267463684, 99.804885253906249))
(200, 0.05, 0.002, 0.5, (11.375433444976807, 99.898931350708011))
(200, 0.05, 0.002, 0.8, (11.318418741226196, 101.06424438476563))
(200, 0.05, 0.002, 0.95, (11.454488515853882, 101.11840446472168))
(200, 0.05, 0.01, 0.1, (11.466257572174072, 99.961941833496098))
(200, 0.05, 0.01, 0.5, (11.42241907119751, 99.747485198974616))
(200, 0.05, 0.01, 0.8, (11.696420907974243, 100.17169906616211))
(200, 0.05, 0.01, 0.95, (11.55627703666687, 99.748515472412109))
(200, 0.05, 0.05, 0.1, (11.860647916793823, 100.01120513916015))
(200, 0.05, 0.05, 0.5, (11.79159665107727, 99.999605407714839))
(200, 0.05, 0.05, 0.8, (11.702577114105225, 100.05147216796875))
(200, 0.05, 0.05, 0.95, (11.889423608779907, 100.67066383361816))
(200, 0.05, 0.1, 0.1, (12.46949553489685, 100.05166580200195))
(200, 0.05, 0.1, 0.5, (11.860427618026733, 100.0131625366211))
(200, 0.05, 0.1, 0.8, (11.87966775894165, 100.02541305541992))
(200, 0.05, 0.1, 0.95, (12.00507116317749, 99.935580825805658))
(200, 0.05, 0.2, 0.1, (12.719335079193115, 100.80890083312988))
(200, 0.05, 0.2, 0.5, (12.377397775650024, 100.05166938781738))
(200, 0.05, 0.2, 0.8, (11.957602262496948, 100.02729148864746))
(200, 0.05, 0.2, 0.95, (12.149956941604614, 100.0332723236084))
(200, 0.1, 0.0001, 0.1, (11.746800661087036, 100.10800514221191))
(200, 0.1, 0.0001, 0.5, (11.7742178440094, 100.67215148925781))
(200, 0.1, 0.0001, 0.8, (11.7469801902771, 101.47038345336914))
(200, 0.1, 0.0001, 0.95, (11.726609468460083, 100.66479728698731))
(200, 0.1, 0.0005, 0.1, (11.710759162902832, 99.791572952270513))
(200, 0.1, 0.0005, 0.5, (11.656118154525757, 99.53328956604004))
(200, 0.1, 0.0005, 0.8, (11.662377834320068, 102.04143058776856))
(200, 0.1, 0.0005, 0.95, (11.702110290527344, 106.23171264648437))
(200, 0.1, 0.002, 0.1, (11.678345918655396, 100.70665481567383))
(200, 0.1, 0.002, 0.5, (11.73440670967102, 100.53424095153808))
(200, 0.1, 0.002, 0.8, (11.798603534698486, 100.49514526367187))
(200, 0.1, 0.002, 0.95, (11.831639528274536, 100.82506065368652))
(200, 0.1, 0.01, 0.1, (12.087938785552979, 99.939211730957027))
(200, 0.1, 0.01, 0.5, (13.025074243545532, 99.606758880615232))
(200, 0.1, 0.01, 0.8, (11.853473663330078, 100.55144149780273))
(200, 0.1, 0.01, 0.95, (11.956543684005737, 101.77963020324707))
(200, 0.1, 0.05, 0.1, (12.092074394226074, 100.02012313842773))
(200, 0.1, 0.05, 0.5, (12.093247175216675, 99.968857650756831))
(200, 0.1, 0.05, 0.8, (12.07830023765564, 99.921210479736331))
(200, 0.1, 0.05, 0.95, (12.023711204528809, 99.95488090515137))
(200, 0.1, 0.1, 0.1, (12.005344867706299, 100.0109806060791))
(200, 0.1, 0.1, 0.5, (12.1705482006073, 100.01483741760254))
(200, 0.1, 0.1, 0.8, (12.196874141693115, 99.948130340576171))
(200, 0.1, 0.1, 0.95, (12.215528964996338, 99.926778869628905))
(200, 0.1, 0.2, 0.1, (12.56553864479065, 100.04437217712402))
(200, 0.1, 0.2, 0.5, (12.20953106880188, 100.00226905822754))
(200, 0.1, 0.2, 0.8, (12.293135404586792, 100.03810668945313))
(200, 0.1, 0.2, 0.95, (12.238426208496094, 100.53955604553222))
(200, 0.5, 0.0001, 0.1, (12.069560289382935, 4512310415.3599997))
(200, 0.5, 0.0001, 0.5, (12.145608186721802, 1.1072481955278965e+29))
(200, 0.5, 0.0001, 0.8, (12.10044550895691, inf))
(200, 0.5, 0.0001, 0.95, (12.159869194030762, inf))
(200, 0.5, 0.0005, 0.1, (12.19074296951294, 6002183.1900000004))
(200, 0.5, 0.0005, 0.5, (12.224195718765259, 3.9815261625088788e+29))
(200, 0.5, 0.0005, 0.8, (12.261796951293945, inf))
(200, 0.5, 0.0005, 0.95, (12.23435115814209, inf))
(200, 0.5, 0.002, 0.1, (12.262326955795288, 15329.030000000001))
(200, 0.5, 0.002, 0.5, (12.275367975234985, 5.3716995850032446e+25))
(200, 0.5, 0.002, 0.8, (12.261852264404297, 2.0686586409904571e+35))
(200, 0.5, 0.002, 0.95, (12.348956823348999, inf))
(200, 0.5, 0.01, 0.1, (12.469826221466064, 101.64804512023926))
(200, 0.5, 0.01, 0.5, (12.390464305877686, 526.58437194824216))
(200, 0.5, 0.01, 0.8, (12.391955852508545, 834580727726.07996))
(200, 0.5, 0.01, 0.95, (12.390724658966064, 3.4770592225116032e+17))
(200, 0.5, 0.05, 0.1, (12.531358242034912, 99.751927642822267))
(200, 0.5, 0.05, 0.5, (12.453556776046753, 100.30065399169922))
(200, 0.5, 0.05, 0.8, (12.61599588394165, 100.64874801635742))
(200, 0.5, 0.05, 0.95, (12.623971462249756, 103.28119453430176))
(200, 0.5, 0.1, 0.1, (12.55128812789917, 99.941949691772464))
(200, 0.5, 0.1, 0.5, (12.805001974105835, 100.09926681518554))
(200, 0.5, 0.1, 0.8, (12.763409852981567, 99.895443191528315))
(200, 0.5, 0.1, 0.95, (12.708252668380737, 100.62119361877441))
(200, 0.5, 0.2, 0.1, (13.026034832000732, 100.00629554748535))
(200, 0.5, 0.2, 0.5, (12.806225299835205, 100.05614349365234))
(200, 0.5, 0.2, 0.8, (12.845137596130371, 100.2256803894043))
(200, 0.5, 0.2, 0.95, (12.84890365600586, 99.765123596191401))
(200, 0.75, 0.0001, 0.1, (12.717296600341797, inf))
(200, 0.75, 0.0001, 0.5, (12.702511310577393, inf))
(200, 0.75, 0.0001, 0.8, (12.723095417022705, inf))
(200, 0.75, 0.0001, 0.95, (12.695537328720093, inf))
(200, 0.75, 0.0005, 0.1, (12.738855123519897, inf))
(200, 0.75, 0.0005, 0.5, (12.814366102218628, inf))
(200, 0.75, 0.0005, 0.8, (12.808647871017456, inf))
(200, 0.75, 0.0005, 0.95, (12.824400663375854, inf))
(200, 0.75, 0.002, 0.1, (12.854337453842163, inf))
(200, 0.75, 0.002, 0.5, (12.843525171279907, inf))
(200, 0.75, 0.002, 0.8, (12.891338109970093, inf))
(200, 0.75, 0.002, 0.95, (12.91176724433899, inf))
(200, 0.75, 0.01, 0.1, (12.973253965377808, 7.2798616500759458e+22))
(200, 0.75, 0.01, 0.5, (13.022245645523071, inf))
(200, 0.75, 0.01, 0.8, (13.062971353530884, inf))
(200, 0.75, 0.01, 0.95, (13.022850275039673, inf))
(200, 0.75, 0.05, 0.1, (13.414588689804077, 100.10010368347167))
(200, 0.75, 0.05, 0.5, (13.30101490020752, 99.895493469238275))
(200, 0.75, 0.05, 0.8, (13.324042797088623, 100.89538902282715))
(200, 0.75, 0.05, 0.95, (13.29900312423706, 102.68892364501953))
(200, 0.75, 0.1, 0.1, (13.314351081848145, 100.05893363952637))
(200, 0.75, 0.1, 0.5, (13.411355257034302, 100.35292121887207))
(200, 0.75, 0.1, 0.8, (13.35132098197937, 100.29371536254882))
(200, 0.75, 0.1, 0.95, (13.325647830963135, 101.50801193237305))
(200, 0.75, 0.2, 0.1, (13.708993673324585, 100.00207138061523))
(200, 0.75, 0.2, 0.5, (13.393150329589844, 100.01884063720703))
(200, 0.75, 0.2, 0.8, (13.470796346664429, 100.49923248291016))
(200, 0.75, 0.2, 0.95, (13.403931379318237, 101.44025146484375))
(500, 0.001, 0.0001, 0.1, (13.718119859695435, 139.79538421630861))
(500, 0.001, 0.0001, 0.5, (13.762181520462036, 110.69953399658203))
(500, 0.001, 0.0001, 0.8, (13.76125693321228, 100.2285424041748))
(500, 0.001, 0.0001, 0.95, (13.405983924865723, 100.96634742736816))
(500, 0.001, 0.0005, 0.1, (13.830369234085083, 140.56867355346679))
(500, 0.001, 0.0005, 0.5, (13.863328218460083, 114.6941017150879))
(500, 0.001, 0.0005, 0.8, (13.864075422286987, 100.32311241149903))
(500, 0.001, 0.0005, 0.95, (13.485192060470581, 100.98571228027343))
(500, 0.001, 0.002, 0.1, (13.884789228439331, 151.1887385559082))
(500, 0.001, 0.002, 0.5, (13.907112121582031, 121.95928329467773))
(500, 0.001, 0.002, 0.8, (13.821062803268433, 100.87128089904785))
(500, 0.001, 0.002, 0.95, (13.554081678390503, 100.90547813415527))
(500, 0.001, 0.01, 0.1, (13.812339782714844, 191.92485687255859))
(500, 0.001, 0.01, 0.5, (13.802438497543335, 156.46095962524413))
(500, 0.001, 0.01, 0.8, (13.832240104675293, 109.75541023254395))
(500, 0.001, 0.01, 0.95, (13.491466760635376, 100.41343315124512))
(500, 0.001, 0.05, 0.1, (13.853671550750732, 257.11988830566406))
(500, 0.001, 0.05, 0.5, (13.861669540405273, 235.9548796081543))
(500, 0.001, 0.05, 0.8, (13.996705770492554, 163.15025650024415))
(500, 0.001, 0.05, 0.95, (13.89191746711731, 100.70432777404785))
(500, 0.001, 0.1, 0.1, (13.96804404258728, 276.49169067382815))
(500, 0.001, 0.1, 0.5, (13.975411891937256, 267.43705566406248))
(500, 0.001, 0.1, 0.8, (13.993282079696655, 194.53183685302736))
(500, 0.001, 0.1, 0.95, (14.016845464706421, 107.2791194152832))
(500, 0.001, 0.2, 0.1, (14.022462129592896, 283.58619567871096))
(500, 0.001, 0.2, 0.5, (14.067271709442139, 265.69692199707032))
(500, 0.001, 0.2, 0.8, (14.067278861999512, 220.08245712280274))
(500, 0.001, 0.2, 0.95, (14.069296836853027, 132.13690185546875))
(500, 0.01, 0.0001, 0.1, (13.92362356185913, 100.04282333374023))
(500, 0.01, 0.0001, 0.5, (13.851063251495361, 100.01694831848144))
(500, 0.01, 0.0001, 0.8, (13.790557146072388, 100.0229776763916))
(500, 0.01, 0.0001, 0.95, (13.700123071670532, 100.77165283203125))
(500, 0.01, 0.0005, 0.1, (14.01710557937622, 100.02384819030762))
(500, 0.01, 0.0005, 0.5, (13.897976636886597, 100.03757942199707))
(500, 0.01, 0.0005, 0.8, (13.865169048309326, 100.04750556945801))
(500, 0.01, 0.0005, 0.95, (13.816717147827148, 101.07929328918458))
(500, 0.01, 0.002, 0.1, (14.219811201095581, 100.05472640991211))
(500, 0.01, 0.002, 0.5, (14.046346187591553, 100.03061050415039))
(500, 0.01, 0.002, 0.8, (13.971865892410278, 99.994579544067378))
(500, 0.01, 0.002, 0.95, (13.89161205291748, 102.55767417907715))
(500, 0.01, 0.01, 0.1, (14.395396709442139, 100.38305778503418))
(500, 0.01, 0.01, 0.5, (14.257184267044067, 100.0524210357666))
(500, 0.01, 0.01, 0.8, (14.079451084136963, 100.01316650390625))
(500, 0.01, 0.01, 0.95, (13.993999719619751, 107.07266860961914))
(500, 0.01, 0.05, 0.1, (14.482328414916992, 115.75973075866699))
(500, 0.01, 0.05, 0.5, (14.452900648117065, 102.34553627014161))
(500, 0.01, 0.05, 0.8, (14.28323245048523, 100.02997344970703))
(500, 0.01, 0.05, 0.95, (14.072388648986816, 139.41558013916017))
(500, 0.01, 0.1, 0.1, (14.56064748764038, 139.58964363098144))
(500, 0.01, 0.1, 0.5, (14.50487232208252, 111.51885398864746))
(500, 0.01, 0.1, 0.8, (14.473524332046509, 100.19403427124024))
(500, 0.01, 0.1, 0.95, (14.206635475158691, 146.76570724487306))
(500, 0.01, 0.2, 0.1, (14.573664665222168, 176.20236984252929))
(500, 0.01, 0.2, 0.5, (14.582271814346313, 136.37329925537108))
(500, 0.01, 0.2, 0.8, (14.636689186096191, 102.23127265930175))
(500, 0.01, 0.2, 0.95, (14.33215594291687, 148.1126560974121))
(500, 0.05, 0.0001, 0.1, (14.284708499908447, 100.01044830322266))
(500, 0.05, 0.0001, 0.5, (14.330190181732178, 100.10709503173828))
(500, 0.05, 0.0001, 0.8, (14.364617824554443, 100.43640266418457))
(500, 0.05, 0.0001, 0.95, (14.425399780273438, 100.13200035095215))
(500, 0.05, 0.0005, 0.1, (14.368641138076782, 100.06815116882325))
(500, 0.05, 0.0005, 0.5, (14.429555892944336, 99.945294876098629))
(500, 0.05, 0.0005, 0.8, (14.43776273727417, 100.09386779785156))
(500, 0.05, 0.0005, 0.95, (14.49955439567566, 100.09963897705079))
(500, 0.05, 0.002, 0.1, (14.483376264572144, 100.03900009155274))
(500, 0.05, 0.002, 0.5, (14.474563360214233, 100.1410472869873))
(500, 0.05, 0.002, 0.8, (16.02119517326355, 100.30677589416504))
(500, 0.05, 0.002, 0.95, (14.605787754058838, 99.95545768737793))
(500, 0.05, 0.01, 0.1, (14.641751050949097, 100.03070007324219))
(500, 0.05, 0.01, 0.5, (14.609886646270752, 99.985161819458014))
(500, 0.05, 0.01, 0.8, (14.575755596160889, 99.978923645019535))
(500, 0.05, 0.01, 0.95, (14.670109272003174, 100.35416244506835))
(500, 0.05, 0.05, 0.1, (14.8103609085083, 100.10685829162598))
(500, 0.05, 0.05, 0.5, (14.654862880706787, 100.00738258361817))
(500, 0.05, 0.05, 0.8, (14.695224285125732, 99.927866134643551))
(500, 0.05, 0.05, 0.95, (14.685291290283203, 100.36650596618652))
(500, 0.05, 0.1, 0.1, (15.089909553527832, 100.16405593872071))
(500, 0.05, 0.1, 0.5, (14.762022733688354, 100.02385673522949))
(500, 0.05, 0.1, 0.8, (14.841405391693115, 99.994256668090827))
(500, 0.05, 0.1, 0.95, (14.757330417633057, 100.77036972045899))
(500, 0.05, 0.2, 0.1, (15.232456922531128, 101.97838180541993))
(500, 0.05, 0.2, 0.5, (15.11482286453247, 100.10255493164063))
(500, 0.05, 0.2, 0.8, (14.868516206741333, 99.990972213745124))
(500, 0.05, 0.2, 0.95, (14.834608793258667, 106.68070129394532))
(500, 0.1, 0.0001, 0.1, (14.880681991577148, 100.23968399047851))
(500, 0.1, 0.0001, 0.5, (14.839761972427368, 99.931492309570316))
(500, 0.1, 0.0001, 0.8, (14.946033716201782, 100.03246109008789))
(500, 0.1, 0.0001, 0.95, (14.968488454818726, 101.42365196228027))
(500, 0.1, 0.0005, 0.1, (15.063153505325317, 99.779390869140627))
(500, 0.1, 0.0005, 0.5, (14.95750641822815, 100.4063224029541))
(500, 0.1, 0.0005, 0.8, (15.059949159622192, 101.10882789611816))
(500, 0.1, 0.0005, 0.95, (15.09072232246399, 100.48389541625977))
(500, 0.1, 0.002, 0.1, (15.17470097541809, 100.15792999267578))
(500, 0.1, 0.002, 0.5, (15.089556217193604, 99.991786727905279))
(500, 0.1, 0.002, 0.8, (15.182261228561401, 100.3010457611084))
(500, 0.1, 0.002, 0.95, (15.133734464645386, 100.88031494140625))
(500, 0.1, 0.01, 0.1, (15.19402289390564, 99.965820846557619))
(500, 0.1, 0.01, 0.5, (15.105096101760864, 100.07322982788087))
(500, 0.1, 0.01, 0.8, (15.17723298072815, 100.0818588256836))
(500, 0.1, 0.01, 0.95, (15.169573545455933, 100.76613723754883))
(500, 0.1, 0.05, 0.1, (15.19213342666626, 100.0061245727539))
(500, 0.1, 0.05, 0.5, (15.1144118309021, 100.06027572631837))
(500, 0.1, 0.05, 0.8, (15.157807111740112, 100.0962646484375))
(500, 0.1, 0.05, 0.95, (15.109489679336548, 100.27057632446289))
(500, 0.1, 0.1, 0.1, (15.208496332168579, 100.03748245239258))
(500, 0.1, 0.1, 0.5, (15.140809059143066, 99.985012741088866))
(500, 0.1, 0.1, 0.8, (15.30617618560791, 100.04226631164551))
(500, 0.1, 0.1, 0.95, (15.158920049667358, 100.1637548828125))
(500, 0.1, 0.2, 0.1, (15.48820972442627, 100.0781527709961))
(500, 0.1, 0.2, 0.5, (15.262657642364502, 100.00518066406249))
(500, 0.1, 0.2, 0.8, (15.294358491897583, 100.02254043579102))
(500, 0.1, 0.2, 0.95, (15.268697023391724, 101.32820381164551))
(500, 0.5, 0.0001, 0.1, (15.40399694442749, 5842.8119238281251))
(500, 0.5, 0.0001, 0.5, (15.33081865310669, 648248182702.07996))
(500, 0.5, 0.0001, 0.8, (15.32426118850708, 8186485228437504.0))
(500, 0.5, 0.0001, 0.95, (15.308274507522583, 1.1591381667149146e+18))
(500, 0.5, 0.0005, 0.1, (15.448450088500977, 820.51968627929682))
(500, 0.5, 0.0005, 0.5, (15.465633869171143, 4487434359275.5195))
(500, 0.5, 0.0005, 0.8, (15.437729358673096, 24614284271445608.0))
(500, 0.5, 0.0005, 0.95, (15.391594171524048, 69589189746376048.0))
(500, 0.5, 0.002, 0.1, (15.51606273651123, 7227.9485546875003))
(500, 0.5, 0.002, 0.5, (15.460342168807983, 152514442035.20001))
(500, 0.5, 0.002, 0.8, (15.502330541610718, 526543994654556.19))
(500, 0.5, 0.002, 0.95, (15.519975423812866, 4.548151336875799e+17))
(500, 0.5, 0.01, 0.1, (15.672258138656616, 101.49402320861816))
(500, 0.5, 0.01, 0.5, (15.556894540786743, 44004234.560000002))
(500, 0.5, 0.01, 0.8, (15.612913846969604, 500553541222.40002))
(500, 0.5, 0.01, 0.95, (15.70736813545227, 20014892203376.641))
(500, 0.5, 0.05, 0.1, (15.696497201919556, 99.998357620239261))
(500, 0.5, 0.05, 0.5, (15.74011492729187, 100.37118644714356))
(500, 0.5, 0.05, 0.8, (15.794832468032837, 100.78459274291993))
(500, 0.5, 0.05, 0.95, (15.783403158187866, 100.520238571167))
(500, 0.5, 0.1, 0.1, (15.857176780700684, 100.05743217468262))
(500, 0.5, 0.1, 0.5, (15.875351428985596, 99.885542068481442))
(500, 0.5, 0.1, 0.8, (15.81807017326355, 100.7576658630371))
(500, 0.5, 0.1, 0.95, (15.772548913955688, 101.312806930542))
(500, 0.5, 0.2, 0.1, (15.914367914199829, 100.00030883789063))
(500, 0.5, 0.2, 0.5, (15.974026918411255, 100.02517295837403))
(500, 0.5, 0.2, 0.8, (15.959428548812866, 100.13356658935547))
(500, 0.5, 0.2, 0.95, (16.00157594680786, 100.04084602355957))
(500, 0.75, 0.0001, 0.1, (15.9345383644104, 2503433185824604.0))
(500, 0.75, 0.0001, 0.5, (15.953083992004395, 5.6392269635317891e+24))
(500, 0.75, 0.0001, 0.8, (15.974193572998047, 6.3005156072137731e+28))
(500, 0.75, 0.0001, 0.95, (15.984042167663574, 5.7112063415257429e+30))
(500, 0.75, 0.0005, 0.1, (16.03151535987854, 1.2980170498917794e+17))
(500, 0.75, 0.0005, 0.5, (16.04232907295227, 9.2222119672368402e+24))
(500, 0.75, 0.0005, 0.8, (16.0338716506958, 1.3296590878204261e+28))
(500, 0.75, 0.0005, 0.95, (16.092809200286865, 4.6206689288851974e+30))
(500, 0.75, 0.002, 0.1, (16.060104608535767, 19991699404137432.0))
(500, 0.75, 0.002, 0.5, (16.073153734207153, 4.2426507809008285e+24))
(500, 0.75, 0.002, 0.8, (16.16889977455139, 4.5716255460337295e+27))
(500, 0.75, 0.002, 0.95, (16.22602152824402, 7.0362494626914196e+28))
(500, 0.75, 0.01, 0.1, (16.166361808776855, 68569639084359.68))
(500, 0.75, 0.01, 0.5, (16.254908561706543, 8.6933967889941873e+18))
(500, 0.75, 0.01, 0.8, (16.355906009674072, 5.1714989300807397e+24))
(500, 0.75, 0.01, 0.95, (16.33452272415161, 6.1442068657071098e+27))
(500, 0.75, 0.05, 0.1, (16.29237174987793, 103.27219512939453))
(500, 0.75, 0.05, 0.5, (16.37900400161743, 11831845335.040001))
(500, 0.75, 0.05, 0.8, (16.41752815246582, 322107452067676.19))
(500, 0.75, 0.05, 0.95, (16.39107871055603, 2808505614802616.5))
(500, 0.75, 0.1, 0.1, (16.472620964050293, 99.76650566101074))
(500, 0.75, 0.1, 0.5, (16.529268741607666, 99.972826461791996))
(500, 0.75, 0.1, 0.8, (16.47903847694397, 2388.426179199219))
(500, 0.75, 0.1, 0.95, (16.499695539474487, 1085.9279675292969))
(500, 0.75, 0.2, 0.1, (16.700602531433105, 99.963700714111326))
(500, 0.75, 0.2, 0.5, (16.48064422607422, 100.11107582092285))
(500, 0.75, 0.2, 0.8, (16.669687509536743, 100.01028007507324))
(500, 0.75, 0.2, 0.95, (16.623942613601685, 100.13319465637207))
'2016-04-12 04:14:53'
